iter: 20
iter: 20
0.001684, 0.001630, 0.001546, 0.003099, 0.005965, 0.008508, 0.017430, 0.029504, 0.064524, 