iter: 100
iter: 100
iter: 100
0.002148, 0.002148, 0.002458, 