iter: 40
iter: 40
0.001719, 0.001732, 0.002119, 0.005047, 0.010786, 0.016037, 0.033725, 0.057985, 0.132741, 